{
  "advancedEditorSelectedIdentifier" : "ProjectBrowser",
  "openSceneRelativePaths" : [
    "TreeA.usda",
    "Board.usda"
  ],
  "recentIdentifiers" : {
    "0EFA7062-CD16-404B-ADEF-20F78E5EFCA7" : [

    ],
    "2985FAA3-27D3-49A4-8E0F-93EF77AE9C74" : [

    ],
    "93185EB3-DADB-43E7-80CA-D1B95CF2C611" : [

    ]
  },
  "sceneCameraHistory" : {
    "0EFA7062-CD16-404B-ADEF-20F78E5EFCA7" : [
      {
        "date" : 757809642.653588,
        "title" : "Untitled",
        "transform" : [
          -0.19243641,
          5.5758873e-09,
          -0.9813095,
          0,
          -0.69291097,
          0.7081038,
          0.13588074,
          0,
          0.694869,
          0.7061083,
          -0.13626482,
          0,
          0.6222163,
          0.75786734,
          -0.011006355,
          1
        ]
      },
      {
        "date" : 757809626.223348,
        "title" : "Untitled",
        "transform" : [
          -0.11462215,
          -2.043381e-10,
          -0.9934091,
          0,
          -0.9868661,
          0.11458486,
          0.11386692,
          0,
          0.11382983,
          0.99341345,
          -0.013133828,
          0,
          -0.21950603,
          1.2213879,
          0.17276627,
          1
        ]
      },
      {
        "date" : 757809619.506663,
        "title" : "Untitled",
        "transform" : [
          -0.33926663,
          -2.2507831e-09,
          -0.9406903,
          0,
          -0.45418978,
          0.8757164,
          0.16380647,
          0,
          0.82377803,
          0.4828258,
          -0.29710123,
          0,
          0.74524784,
          0.6188319,
          -0.09598005,
          1
        ]
      },
      {
        "date" : 757809607.493023,
        "title" : "Untitled",
        "transform" : [
          -0.8277349,
          -3.5037836e-08,
          -0.5611192,
          0,
          0.47789532,
          0.5240578,
          -0.7049677,
          0,
          0.294059,
          -0.8516828,
          -0.43378073,
          0,
          0.036055386,
          -0.83360755,
          -0.09153932,
          1
        ]
      },
      {
        "date" : 757809589.10755,
        "title" : "Untitled",
        "transform" : [
          0.8952066,
          -1.4829276e-09,
          -0.4456513,
          0,
          -0.35232356,
          0.6123569,
          -0.7077338,
          0,
          0.27289742,
          0.79058135,
          0.5481862,
          0,
          -0.19902174,
          0.5810152,
          0.7397801,
          1
        ]
      },
      {
        "date" : 757809576.448984,
        "title" : "Untitled",
        "transform" : [
          -0.06690891,
          -3.4460323e-09,
          -0.99775904,
          0,
          -0.15830787,
          0.98733276,
          0.010615938,
          0,
          0.98512024,
          0.15866323,
          -0.066061094,
          0,
          0.8479431,
          0.032185346,
          0.45212775,
          1
        ]
      },
      {
        "date" : 757809573.915035,
        "title" : "Untitled",
        "transform" : [
          -0.08583404,
          -1.9621644e-09,
          -0.9963094,
          0,
          -0.4952723,
          0.8676893,
          0.042668637,
          0,
          0.8644871,
          0.49710673,
          -0.07447702,
          0,
          0.66615963,
          0.45603833,
          0.4439401,
          1
        ]
      },
      {
        "date" : 757809568.533741,
        "title" : "Untitled",
        "transform" : [
          -0.08583404,
          -1.9621644e-09,
          -0.9963094,
          0,
          -0.4952723,
          0.8676893,
          0.042668637,
          0,
          0.8644871,
          0.49710673,
          -0.07447702,
          0,
          1.4695685,
          0.988229,
          0.39543968,
          1
        ]
      },
      {
        "date" : 757809554.073923,
        "title" : "Untitled",
        "transform" : [
          -0.31305215,
          -2.9552574e-09,
          -0.94973606,
          0,
          -0.3214036,
          0.9409975,
          0.105941035,
          0,
          0.8936992,
          0.33841342,
          -0.294581,
          0,
          1.5293686,
          0.6465149,
          -0.07787402,
          1
        ]
      },
      {
        "date" : 757809551.509259,
        "title" : "Untitled",
        "transform" : [
          -0.7656744,
          6.2329453e-09,
          -0.64322835,
          0,
          -0.5245092,
          0.5788525,
          0.6243556,
          0,
          0.37233457,
          0.8154322,
          -0.44321242,
          0,
          0.85191524,
          1.3744918,
          -0.38474268,
          1
        ]
      }
    ],
    "2985FAA3-27D3-49A4-8E0F-93EF77AE9C74" : [
      {
        "date" : 759005060.706236,
        "title" : "Untitled",
        "transform" : [
          0.5816712,
          1.3708907e-08,
          -0.81342405,
          0,
          -0.35246995,
          0.90124184,
          -0.2520476,
          0,
          0.7330919,
          0.43331635,
          0.52422637,
          0,
          3.0922909,
          2.8062348,
          3.053721,
          1
        ]
      },
      {
        "date" : 759004648.713908,
        "title" : "Untitled",
        "transform" : [
          0.5816712,
          1.3708907e-08,
          -0.81342405,
          0,
          -0.35246995,
          0.90124184,
          -0.2520476,
          0,
          0.7330919,
          0.43331635,
          0.52422637,
          0,
          0.041149672,
          0.04383553,
          0.03747357,
          1
        ]
      },
      {
        "date" : 759004591.200553,
        "title" : "Untitled",
        "transform" : [
          0.5816712,
          1.3708907e-08,
          -0.81342405,
          0,
          -0.35246995,
          0.90124184,
          -0.2520476,
          0,
          0.7330919,
          0.43331635,
          0.52422637,
          0,
          0.04423505,
          0.046007648,
          0.038607154,
          1
        ]
      },
      {
        "date" : 759004251.022495,
        "title" : "Untitled",
        "transform" : [
          0.58182013,
          1.3708907e-08,
          -0.81331754,
          0,
          -0.35242382,
          0.90124196,
          -0.25211215,
          0,
          0.73299587,
          0.43331635,
          0.5243606,
          0,
          3.8209674,
          2.700706,
          2.9956512,
          1
        ]
      },
      {
        "date" : 759003198.317844,
        "title" : "Untitled",
        "transform" : [
          0.58182013,
          1.3708907e-08,
          -0.81331754,
          0,
          -0.35242382,
          0.90124196,
          -0.25211215,
          0,
          0.73299587,
          0.43331635,
          0.5243606,
          0,
          3.0134718,
          2.8907406,
          4.0489883,
          1
        ]
      },
      {
        "date" : 759002147.190177,
        "title" : "Untitled",
        "transform" : [
          0.58182013,
          3.4038543e-08,
          -0.81331754,
          0,
          -0.35242376,
          0.9012419,
          -0.25211212,
          0,
          0.7329958,
          0.43331635,
          0.52436066,
          0,
          0.039383117,
          0.04590941,
          0.030059999,
          1
        ]
      },
      {
        "date" : 759002089.59115,
        "title" : "Untitled",
        "transform" : [
          0.58182013,
          3.4038543e-08,
          -0.81331754,
          0,
          -0.35242376,
          0.9012419,
          -0.25211212,
          0,
          0.7329958,
          0.43331635,
          0.52436066,
          0,
          0.010406805,
          0.012131347,
          0.007943215,
          1
        ]
      },
      {
        "date" : 759002075.575982,
        "title" : "Untitled",
        "transform" : [
          0.58182013,
          3.4038543e-08,
          -0.81331754,
          0,
          -0.35242376,
          0.9012419,
          -0.25211212,
          0,
          0.7329958,
          0.43331635,
          0.52436066,
          0,
          0.008416653,
          0.009811401,
          0.0064241886,
          1
        ]
      },
      {
        "date" : 759001898.046054,
        "title" : "Untitled",
        "transform" : [
          0.58182,
          -6.3611054e-09,
          -0.81331754,
          0,
          -0.3524238,
          0.9012419,
          -0.25211212,
          0,
          0.7329958,
          0.43331638,
          0.52436054,
          0,
          4.7951984,
          2.8390396,
          3.4118917,
          1
        ]
      },
      {
        "date" : 759001808.727599,
        "title" : "Untitled",
        "transform" : [
          0.58182,
          -6.3611054e-09,
          -0.81331754,
          0,
          -0.3524238,
          0.9012419,
          -0.25211212,
          0,
          0.7329958,
          0.43331638,
          0.52436054,
          0,
          8.000759,
          4.44078,
          5.7683244,
          1
        ]
      }
    ],
    "2C92D7A3-69C0-4CDF-9171-D08B5EFA4D70" : [
      {
        "date" : 757641121.729916,
        "title" : "Untitled",
        "transform" : [
          0.8791101,
          -1.7104945e-08,
          0.47661877,
          0,
          0.39521262,
          0.5589511,
          -0.72895867,
          0,
          -0.2664067,
          0.8292006,
          0.49137956,
          0,
          -0.061792143,
          0.78685695,
          0.8963966,
          1
        ]
      },
      {
        "date" : 757641101.110381,
        "title" : "Untitled",
        "transform" : [
          0.4501934,
          -1.4697212e-08,
          0.89293104,
          0,
          0.597164,
          0.7434709,
          -0.30107507,
          0,
          -0.66386837,
          0.66876817,
          0.3347057,
          0,
          -0.7107577,
          0.56495047,
          0.77597904,
          1
        ]
      },
      {
        "date" : 757641085.745197,
        "title" : "Untitled",
        "transform" : [
          0.29094142,
          3.3707295e-09,
          -0.95674086,
          0,
          -0.15204002,
          0.98729247,
          -0.04623479,
          0,
          0.94458306,
          0.15891449,
          0.28724426,
          0,
          1.9450628,
          0.6528506,
          0.8185917,
          1
        ]
      }
    ],
    "93185EB3-DADB-43E7-80CA-D1B95CF2C611" : [
      {
        "date" : 758999905.669445,
        "title" : "Untitled",
        "transform" : [
          0.9984372,
          8.850941e-09,
          -0.055883422,
          0,
          -0.029214615,
          0.85246897,
          -0.5219608,
          0,
          0.047638882,
          0.5227778,
          0.85113674,
          0,
          0.008797838,
          0.118324704,
          0.24797852,
          1
        ]
      },
      {
        "date" : 758973535.874174,
        "title" : "Untitled",
        "transform" : [
          0.9985886,
          8.850941e-09,
          -0.05311045,
          0,
          -0.027764969,
          0.85246897,
          -0.52203995,
          0,
          0.04527501,
          0.5227778,
          0.8512658,
          0,
          -0.08612891,
          0.08549101,
          0.12437351,
          1
        ]
      },
      {
        "date" : 758924613.075269,
        "title" : "Untitled",
        "transform" : [
          0.9985886,
          8.850941e-09,
          -0.05311045,
          0,
          -0.027764969,
          0.85246897,
          -0.52203995,
          0,
          0.04527501,
          0.5227778,
          0.8512658,
          0,
          0.015112221,
          0.17559448,
          0.28434867,
          1
        ]
      },
      {
        "date" : 758924607.007498,
        "title" : "Untitled",
        "transform" : [
          0.9905914,
          1.706847e-08,
          -0.13685255,
          0,
          -0.08108785,
          0.8055559,
          -0.58694494,
          0,
          0.11024237,
          0.59251976,
          0.79797673,
          0,
          0.06369135,
          0.39270237,
          0.5580977,
          1
        ]
      },
      {
        "date" : 758924604.673862,
        "title" : "Untitled",
        "transform" : [
          0.9905914,
          -7.371378e-09,
          -0.13685253,
          0,
          -0.11196183,
          0.5750476,
          -0.81042254,
          0,
          0.07869671,
          0.81811994,
          0.5696373,
          0,
          -0.02528892,
          0.37703297,
          0.19562826,
          1
        ]
      },
      {
        "date" : 758916949.603766,
        "title" : "Untitled",
        "transform" : [
          0.9905914,
          -7.371378e-09,
          -0.13685253,
          0,
          -0.11196183,
          0.5750476,
          -0.81042254,
          0,
          0.07869671,
          0.81811994,
          0.5696373,
          0,
          -0.0640738,
          0.95374376,
          0.49565762,
          1
        ]
      },
      {
        "date" : 758915558.076703,
        "title" : "Untitled",
        "transform" : [
          0.9905914,
          -7.371378e-09,
          -0.13685253,
          0,
          -0.11196183,
          0.5750476,
          -0.81042254,
          0,
          0.07869671,
          0.81811994,
          0.5696373,
          0,
          0.13715822,
          0.9870471,
          0.42002624,
          1
        ]
      },
      {
        "date" : 758915546.39997,
        "title" : "Untitled",
        "transform" : [
          0.9948621,
          -7.48573e-09,
          -0.10123941,
          0,
          -0.0788152,
          0.6276414,
          -0.77450275,
          0,
          0.06354203,
          0.77850264,
          0.62441665,
          0,
          -0.32787445,
          0.3753323,
          1.3487108,
          1
        ]
      },
      {
        "date" : 758850734.22848,
        "title" : "Untitled",
        "transform" : [
          0.9948621,
          -7.48573e-09,
          -0.10123941,
          0,
          -0.07881519,
          0.6276413,
          -0.77450264,
          0,
          0.06354203,
          0.77850264,
          0.62441665,
          0,
          -0.013464656,
          0.26784977,
          0.24207649,
          1
        ]
      },
      {
        "date" : 758850701.470237,
        "title" : "Untitled",
        "transform" : [
          0.9999932,
          -7.9503115e-09,
          0.0036814502,
          0,
          0.0022286277,
          0.7959344,
          -0.6053787,
          0,
          -0.0029302062,
          0.60538286,
          0.795929,
          0,
          -0.038994256,
          0.20267752,
          0.29630518,
          1
        ]
      }
    ]
  },
  "sceneViewportBackgroundColors" : {

  },
  "selectedSceneRelativePath" : "TreeA.usda"
}