{
  "advancedEditorSelectedIdentifier" : "ProjectBrowser",
  "openSceneRelativePaths" : [
    "Board.usda",
    "Untitled Scene.usda"
  ],
  "recentIdentifiers" : {
    "0EFA7062-CD16-404B-ADEF-20F78E5EFCA7" : [

    ],
    "2985FAA3-27D3-49A4-8E0F-93EF77AE9C74" : [

    ],
    "93185EB3-DADB-43E7-80CA-D1B95CF2C611" : [

    ]
  },
  "sceneCameraHistory" : {
    "0EFA7062-CD16-404B-ADEF-20F78E5EFCA7" : [
      {
        "date" : 759207679.256768,
        "title" : "Untitled",
        "transform" : [
          0.06826004,
          1.6189645e-09,
          -0.9976676,
          0,
          -0.67228276,
          0.7388642,
          -0.045997314,
          0,
          0.73714083,
          0.6738545,
          0.050434865,
          0,
          0.017585455,
          0.011085217,
          0.001041271,
          1
        ]
      },
      {
        "date" : 759207239.638238,
        "title" : "Untitled",
        "transform" : [
          0.06826018,
          5.7197056e-08,
          -0.9976676,
          0,
          -0.6722827,
          0.7388641,
          -0.04599743,
          0,
          0.73714066,
          0.6738546,
          0.050435025,
          0,
          0.023461357,
          0.017587846,
          -7.352701e-05,
          1
        ]
      },
      {
        "date" : 759207237.372531,
        "title" : "Untitled",
        "transform" : [
          -0.05684789,
          5.6865893e-08,
          -0.9983829,
          0,
          -0.72653383,
          0.6858843,
          0.041368812,
          0,
          0.68477505,
          0.7277107,
          -0.038991023,
          0,
          0.021876276,
          0.019304315,
          -0.0029231792,
          1
        ]
      },
      {
        "date" : 759207233.988437,
        "title" : "Untitled",
        "transform" : [
          -0.013050814,
          5.7076704e-08,
          -0.99991494,
          0,
          -0.7974263,
          0.60332656,
          0.010407924,
          0,
          0.6032751,
          0.7974943,
          -0.007873861,
          0,
          0.01977121,
          0.021567002,
          -0.0019330265,
          1
        ]
      },
      {
        "date" : 759207230.316958,
        "title" : "Untitled",
        "transform" : [
          -0.90377235,
          3.061091e-08,
          -0.42801365,
          0,
          -0.05013122,
          0.9931172,
          0.10585467,
          0,
          0.42506766,
          0.11712552,
          -0.8975517,
          0,
          0.011012842,
          0.0006581379,
          -0.027167205,
          1
        ]
      },
      {
        "date" : 759207146.76056,
        "title" : "Untitled",
        "transform" : [
          0.3408648,
          5.7060568e-08,
          -0.9401124,
          0,
          -0.734546,
          0.6241074,
          -0.2663308,
          0,
          0.58673096,
          0.78133863,
          0.21273623,
          0,
          0.01970738,
          0.021038538,
          0.0053639547,
          1
        ]
      },
      {
        "date" : 759207138.617865,
        "title" : "Untitled",
        "transform" : [
          0.41374078,
          5.7379385e-08,
          -0.9103948,
          0,
          -0.7062503,
          0.63102454,
          -0.32096466,
          0,
          0.57448137,
          0.77576286,
          0.2610806,
          0,
          0.019393954,
          0.020856857,
          0.006974159,
          1
        ]
      },
      {
        "date" : 759207049.044144,
        "title" : "Untitled",
        "transform" : [
          0.53713465,
          5.7420955e-08,
          -0.84349656,
          0,
          -0.6518291,
          0.63468564,
          -0.41508168,
          0,
          0.53535515,
          0.77277046,
          0.34091166,
          0,
          0.01830941,
          0.020759495,
          0.009673764,
          1
        ]
      },
      {
        "date" : 759207032.401542,
        "title" : "Untitled",
        "transform" : [
          0.31880492,
          5.2671368e-08,
          -0.94782037,
          0,
          -0.8179032,
          0.5053223,
          -0.2751065,
          0,
          0.47895476,
          0.8629307,
          0.16109927,
          0,
          0.016760843,
          0.023745855,
          0.0038705724,
          1
        ]
      },
      {
        "date" : 759207027.869272,
        "title" : "Untitled",
        "transform" : [
          0.31880492,
          5.2671368e-08,
          -0.94782037,
          0,
          -0.8179032,
          0.5053223,
          -0.2751065,
          0,
          0.47895476,
          0.8629307,
          0.16109927,
          0,
          0.016760856,
          0.023745835,
          0.0038705654,
          1
        ]
      }
    ],
    "2985FAA3-27D3-49A4-8E0F-93EF77AE9C74" : [
      {
        "date" : 759183882.147711,
        "title" : "Untitled",
        "transform" : [
          -0.94672066,
          2.0911404e-08,
          -0.3220562,
          0,
          -0.2064369,
          0.76754373,
          0.60684466,
          0,
          0.24719213,
          0.6409966,
          -0.72664946,
          0,
          0.00958701,
          0.015328651,
          -0.016258318,
          1
        ]
      },
      {
        "date" : 759183873.485986,
        "title" : "Untitled",
        "transform" : [
          -0.9680952,
          1.6670317e-08,
          -0.250583,
          0,
          -0.14812094,
          0.8065944,
          0.5722463,
          0,
          0.20211871,
          0.5911054,
          -0.78086007,
          0,
          0.008102595,
          0.013862254,
          -0.017317912,
          1
        ]
      },
      {
        "date" : 759183871.240395,
        "title" : "Untitled",
        "transform" : [
          -0.96828014,
          1.7056898e-08,
          -0.2498674,
          0,
          -0.14829215,
          0.80484617,
          0.5746583,
          0,
          0.2011047,
          0.5934835,
          -0.77931654,
          0,
          0.008081811,
          0.01393114,
          -0.017306436,
          1
        ]
      },
      {
        "date" : 759183864.62226,
        "title" : "Untitled",
        "transform" : [
          -0.9674815,
          2.0953566e-08,
          -0.25294194,
          0,
          -0.16565108,
          0.7557176,
          0.6336014,
          0,
          0.19115256,
          0.6548977,
          -0.73114276,
          0,
          0.008012271,
          0.01574568,
          -0.016747417,
          1
        ]
      },
      {
        "date" : 759183852.547467,
        "title" : "Untitled",
        "transform" : [
          -0.99992263,
          1.7449844e-08,
          -0.012443841,
          0,
          -0.006173311,
          0.86826795,
          0.49605718,
          0,
          0.010804473,
          0.49609557,
          -0.8682007,
          0,
          -0.000104826555,
          0.011719295,
          -0.0059477533,
          1
        ]
      },
      {
        "date" : 759183846.39048,
        "title" : "Untitled",
        "transform" : [
          -0.95100397,
          1.7591747e-08,
          -0.30917877,
          0,
          -0.20046036,
          0.7613305,
          0.61659676,
          0,
          0.23538712,
          0.648364,
          -0.72402835,
          0,
          0.00280582,
          0.013631853,
          -0.0046815425,
          1
        ]
      },
      {
        "date" : 759183820.321592,
        "title" : "Untitled",
        "transform" : [
          -0.3641328,
          1.3133188e-08,
          -0.931347,
          0,
          -0.38629422,
          0.9099266,
          0.15103115,
          0,
          0.84745735,
          0.41476932,
          -0.33133426,
          0,
          0.022552244,
          0.0142565565,
          -0.004957632,
          1
        ]
      },
      {
        "date" : 759183793.938387,
        "title" : "Untitled",
        "transform" : [
          -0.3641328,
          1.3133188e-08,
          -0.931347,
          0,
          -0.38629422,
          0.9099266,
          0.15103115,
          0,
          0.84745735,
          0.41476932,
          -0.33133426,
          0,
          0.5530926,
          0.3496413,
          -0.121585675,
          1
        ]
      },
      {
        "date" : 759183680.715388,
        "title" : "Untitled",
        "transform" : [
          -0.3641328,
          1.3133188e-08,
          -0.931347,
          0,
          -0.38629422,
          0.9099266,
          0.15103115,
          0,
          0.84745735,
          0.41476932,
          -0.33133426,
          0,
          0.020518692,
          0.0129710315,
          -0.004510599,
          1
        ]
      },
      {
        "date" : 759183648.014507,
        "title" : "Untitled",
        "transform" : [
          0.71435225,
          1.2950807e-08,
          -0.6997863,
          0,
          -0.026478782,
          0.99928385,
          -0.027029881,
          0,
          0.69928527,
          0.0378383,
          0.7138406,
          0,
          0.025433002,
          0.0071878894,
          0.03413418,
          1
        ]
      }
    ],
    "2C92D7A3-69C0-4CDF-9171-D08B5EFA4D70" : [
      {
        "date" : 757641121.729916,
        "title" : "Untitled",
        "transform" : [
          0.8791101,
          -1.7104945e-08,
          0.47661877,
          0,
          0.39521262,
          0.5589511,
          -0.72895867,
          0,
          -0.2664067,
          0.8292006,
          0.49137956,
          0,
          -0.061792143,
          0.78685695,
          0.8963966,
          1
        ]
      },
      {
        "date" : 757641101.110381,
        "title" : "Untitled",
        "transform" : [
          0.4501934,
          -1.4697212e-08,
          0.89293104,
          0,
          0.597164,
          0.7434709,
          -0.30107507,
          0,
          -0.66386837,
          0.66876817,
          0.3347057,
          0,
          -0.7107577,
          0.56495047,
          0.77597904,
          1
        ]
      },
      {
        "date" : 757641085.745197,
        "title" : "Untitled",
        "transform" : [
          0.29094142,
          3.3707295e-09,
          -0.95674086,
          0,
          -0.15204002,
          0.98729247,
          -0.04623479,
          0,
          0.94458306,
          0.15891449,
          0.28724426,
          0,
          1.9450628,
          0.6528506,
          0.8185917,
          1
        ]
      }
    ],
    "93185EB3-DADB-43E7-80CA-D1B95CF2C611" : [
      {
        "date" : 759198690.057376,
        "title" : "Untitled",
        "transform" : [
          0.9984372,
          8.850941e-09,
          -0.055883422,
          0,
          -0.029214615,
          0.85246897,
          -0.5219608,
          0,
          0.047638882,
          0.5227778,
          0.85113674,
          0,
          0.025286738,
          0.30426332,
          0.56339216,
          1
        ]
      },
      {
        "date" : 759184036.008441,
        "title" : "Untitled",
        "transform" : [
          0.9984372,
          8.850941e-09,
          -0.055883422,
          0,
          -0.029214615,
          0.85246897,
          -0.5219608,
          0,
          0.047638882,
          0.5227778,
          0.85113674,
          0,
          0.01081491,
          0.1454529,
          0.3048323,
          1
        ]
      },
      {
        "date" : 758999905.669445,
        "title" : "Untitled",
        "transform" : [
          0.9984372,
          8.850941e-09,
          -0.055883422,
          0,
          -0.029214615,
          0.85246897,
          -0.5219608,
          0,
          0.047638882,
          0.5227778,
          0.85113674,
          0,
          0.008797838,
          0.118324704,
          0.24797852,
          1
        ]
      },
      {
        "date" : 758973535.874174,
        "title" : "Untitled",
        "transform" : [
          0.9985886,
          8.850941e-09,
          -0.05311045,
          0,
          -0.027764969,
          0.85246897,
          -0.52203995,
          0,
          0.04527501,
          0.5227778,
          0.8512658,
          0,
          -0.08612891,
          0.08549101,
          0.12437351,
          1
        ]
      },
      {
        "date" : 758924613.075269,
        "title" : "Untitled",
        "transform" : [
          0.9985886,
          8.850941e-09,
          -0.05311045,
          0,
          -0.027764969,
          0.85246897,
          -0.52203995,
          0,
          0.04527501,
          0.5227778,
          0.8512658,
          0,
          0.015112221,
          0.17559448,
          0.28434867,
          1
        ]
      },
      {
        "date" : 758924607.007498,
        "title" : "Untitled",
        "transform" : [
          0.9905914,
          1.706847e-08,
          -0.13685255,
          0,
          -0.08108785,
          0.8055559,
          -0.58694494,
          0,
          0.11024237,
          0.59251976,
          0.79797673,
          0,
          0.06369135,
          0.39270237,
          0.5580977,
          1
        ]
      },
      {
        "date" : 758924604.673862,
        "title" : "Untitled",
        "transform" : [
          0.9905914,
          -7.371378e-09,
          -0.13685253,
          0,
          -0.11196183,
          0.5750476,
          -0.81042254,
          0,
          0.07869671,
          0.81811994,
          0.5696373,
          0,
          -0.02528892,
          0.37703297,
          0.19562826,
          1
        ]
      },
      {
        "date" : 758916949.603766,
        "title" : "Untitled",
        "transform" : [
          0.9905914,
          -7.371378e-09,
          -0.13685253,
          0,
          -0.11196183,
          0.5750476,
          -0.81042254,
          0,
          0.07869671,
          0.81811994,
          0.5696373,
          0,
          -0.0640738,
          0.95374376,
          0.49565762,
          1
        ]
      },
      {
        "date" : 758915558.076703,
        "title" : "Untitled",
        "transform" : [
          0.9905914,
          -7.371378e-09,
          -0.13685253,
          0,
          -0.11196183,
          0.5750476,
          -0.81042254,
          0,
          0.07869671,
          0.81811994,
          0.5696373,
          0,
          0.13715822,
          0.9870471,
          0.42002624,
          1
        ]
      },
      {
        "date" : 758915546.39997,
        "title" : "Untitled",
        "transform" : [
          0.9948621,
          -7.48573e-09,
          -0.10123941,
          0,
          -0.0788152,
          0.6276414,
          -0.77450275,
          0,
          0.06354203,
          0.77850264,
          0.62441665,
          0,
          -0.32787445,
          0.3753323,
          1.3487108,
          1
        ]
      }
    ]
  },
  "sceneViewportBackgroundColors" : {

  },
  "selectedSceneRelativePath" : "Untitled Scene.usda"
}